[A]             [X]
[F] [G]         [D]
[I] [J] [K] [L] [C] [H]
[M] [N] [O] [P] [A] [E]
[Q] [R] [S] [T] [U] [B] [C]
[1] [2] [3] [4] [5] [6] [7]
[1] [2] [3] [4] [5] [6] [7]
[1] [2] [3] [4] [5] [6] [7]
[1] [2] [3] [4] [5] [6] [7]
[1] [2] [3] [4] [5] [6] [7]
[1] [2] [3] [4] [5] [6] [7]
[1] [2] [3] [4] [5] [6] [7]
[1] [2] [3] [4] [5] [6] [7]
[1] [2] [3] [4] [5] [6] [7]
[1] [2] [3] [4] [5] [6] [7]
[1] [2] [3] [4] [5] [6] [7]
[1] [2] [3] [4] [5] [6] [7]
[1] [2] [3] [4] [5] [6] [7]
[1] [2] [3] [4] [5] [6] [7] [8]
 1   2   3   4   5   6   7   8

move 4 from 1 to 7
move 1 from 5 to 1
move 1 from 1 to 5
move 7 from 3 to 7
move 5 from 5 to 3